=== Run information ===

Scheme:       weka.clusterers.SimpleKMeans -init 0 -max-candidates 100 -periodic-pruning 10000 -min-density 2.0 -t1 -1.25 -t2 -1.0 -N 10 -A "weka.core.EuclideanDistance -R first-last" -I 500 -num-slots 1 -S 10
Relation:     plantas
Instances:    34781
Attributes:   65
              ab
              ak
              ar
              az
              ca
              co
              ct
              de
              dc
              fl
              ga
              hi
              id
              il
              in
              ia
              ks
              ky
              la
              me
              md
              ma
              mi
              mn
              ms
              mo
              mt
              ne
              nv
              nh
              nj
              nm
              ny
              nc
              nd
              oh
              ok
              or
              pa
              pr
              ri
              sc
              sd
              tn
              tx
              ut
              vt
              va
              vi
              wa
              wv
              wi
              wy
              al
              bc
              mb
              nb
              lb
              nf
              nt
              ns
              nu
              on
              qc
Ignored:
              nombre
Test mode:    evaluate on training data


=== Clustering model (full training set) ===


kMeans
======

Number of iterations: 8
Within cluster sum of squared errors: 122893.0

Initial starting points (random):

Cluster 0: 0,0,0,0,0,0,0,0,0,1,0,1,0,0,0,0,0,0,1,0,0,0,0,0,0,0,0,0,0,0,0,0,0,0,0,0,0,0,0,1,0,0,0,0,0,0,0,0,0,0,0,0,0,0,0,0,0,0,0,0,0,0,0,0
Cluster 1: 1,0,0,1,1,0,0,0,0,0,0,0,1,1,0,0,1,0,0,0,0,0,1,0,0,0,0,0,0,0,0,1,0,1,0,0,0,0,0,0,0,0,0,0,1,0,0,0,0,0,0,0,0,0,1,0,0,0,0,0,0,0,0,0
Cluster 2: 0,0,0,0,0,0,0,0,0,0,0,0,0,0,0,0,0,0,0,0,0,0,0,0,0,0,0,0,0,0,0,0,0,0,0,0,0,0,0,0,0,0,0,0,0,0,0,0,0,0,0,0,0,0,0,0,0,0,0,0,0,0,0,0
Cluster 3: 0,0,0,0,0,0,0,0,0,1,0,1,0,0,0,0,0,0,0,0,0,0,0,0,0,0,0,0,0,0,0,0,0,0,0,0,0,0,0,1,0,0,0,0,0,0,0,0,0,0,0,0,0,0,0,0,0,0,0,0,0,0,0,0
Cluster 4: 0,0,0,0,0,0,0,0,0,0,0,1,0,0,0,0,0,0,0,0,0,0,0,0,0,0,0,0,0,0,0,0,0,0,0,0,0,0,0,0,0,0,0,0,0,0,0,0,0,0,0,0,0,0,0,0,0,0,0,0,0,0,0,0
Cluster 5: 0,0,0,0,1,0,1,0,0,0,0,0,0,0,0,0,0,0,0,1,0,1,1,0,0,1,1,0,0,1,0,0,1,1,0,0,0,1,1,0,0,1,0,0,1,1,0,1,0,0,1,0,0,1,0,0,0,0,0,0,0,0,0,0
Cluster 6: 0,0,0,1,1,1,0,0,0,0,0,0,0,1,1,0,0,0,0,0,0,0,0,0,1,0,1,1,1,0,0,1,0,0,0,0,1,1,0,0,0,0,0,0,1,1,0,0,0,0,0,0,0,0,0,0,0,0,0,0,0,0,0,0
Cluster 7: 0,0,0,1,0,1,0,0,0,0,0,0,0,0,0,0,1,0,0,0,0,0,0,0,0,0,0,1,0,0,0,1,0,0,0,0,0,0,0,0,0,0,0,0,1,1,0,0,0,0,0,0,0,0,0,0,0,0,0,0,0,0,0,0
Cluster 8: 0,1,1,0,1,1,1,1,1,0,1,1,1,1,1,1,1,1,0,1,1,1,1,1,0,1,1,1,0,1,1,0,1,1,1,1,1,1,1,0,0,1,1,1,0,1,1,1,0,1,1,1,1,0,1,1,0,0,0,0,1,0,1,1
Cluster 9: 0,1,0,0,1,0,0,0,0,0,0,0,1,0,0,0,0,0,0,0,0,1,0,0,0,0,1,0,0,0,0,0,0,0,0,0,0,1,0,0,0,0,0,0,0,0,0,0,0,1,0,0,0,0,0,0,0,0,0,0,0,0,0,0

Missing values globally replaced with mean/mode

Final cluster centroids:
                       Cluster#
Attribute   Full Data         0         1         2         3         4         5         6         7         8         9
            (34781.0)  (2295.0)   (808.0) (23727.0)   (771.0)   (473.0)  (2020.0)   (623.0)  (1221.0)  (1112.0)  (1731.0)
=========================================================================================================================
ab                  0         0         1         0         0         0         0         1         0         1         0
ak                  0         0         1         0         0         0         0         0         0         1         0
ar                  0         0         0         0         0         0         1         0         0         1         0
az                  0         0         0         0         0         0         0         1         1         1         0
ca                  0         0         0         0         0         0         0         1         0         1         1
co                  0         0         1         0         0         0         0         1         1         1         1
ct                  0         0         1         0         0         0         1         0         0         1         0
de                  0         0         0         0         0         0         1         0         0         1         0
dc                  0         0         0         0         0         0         1         0         0         1         0
fl                  0         1         0         0         1         0         1         0         0         1         0
ga                  0         1         0         0         0         0         1         0         0         1         0
hi                  0         0         0         0         0         1         0         0         0         0         0
id                  0         0         1         0         0         0         0         1         0         1         1
il                  0         0         1         0         0         0         1         0         0         1         0
in                  0         0         1         0         0         0         1         0         0         1         0
ia                  0         0         1         0         0         0         1         0         0         1         0
ks                  0         0         0         0         0         0         1         1         0         1         0
ky                  0         0         0         0         0         0         1         0         0         1         0
la                  0         1         0         0         0         0         1         0         0         1         0
me                  0         0         1         0         0         0         1         0         0         1         0
md                  0         0         1         0         0         0         1         0         0         1         0
ma                  0         0         1         0         0         0         1         0         0         1         0
mi                  0         0         1         0         0         0         1         0         0         1         0
mn                  0         0         1         0         0         0         1         1         0         1         0
ms                  0         1         0         0         0         0         1         0         0         1         0
mo                  0         0         0         0         0         0         1         0         0         1         0
mt                  0         0         1         0         0         0         0         1         0         1         1
ne                  0         0         0         0         0         0         0         1         0         1         0
nv                  0         0         0         0         0         0         0         1         0         1         1
nh                  0         0         1         0         0         0         1         0         0         1         0
nj                  0         0         1         0         0         0         1         0         0         1         0
nm                  0         0         0         0         0         0         0         1         1         1         0
ny                  0         0         1         0         0         0         1         0         0         1         0
nc                  0         1         0         0         0         0         1         0         0         1         0
nd                  0         0         1         0         0         0         0         1         0         1         0
oh                  0         0         1         0         0         0         1         0         0         1         0
ok                  0         0         0         0         0         0         1         1         0         1         0
or                  0         0         1         0         0         0         0         1         0         1         1
pa                  0         0         1         0         0         0         1         0         0         1         0
pr                  0         0         0         0         1         0         0         0         0         0         0
ri                  0         0         1         0         0         0         1         0         0         1         0
sc                  0         1         0         0         0         0         1         0         0         1         0
sd                  0         0         1         0         0         0         0         1         0         1         0
tn                  0         0         0         0         0         0         1         0         0         1         0
tx                  0         0         0         0         0         0         1         1         1         1         0
ut                  0         0         0         0         0         0         0         1         0         1         1
vt                  0         0         1         0         0         0         1         0         0         1         0
va                  0         0         0         0         0         0         1         0         0         1         0
vi                  0         0         0         0         0         0         0         0         0         0         0
wa                  0         0         1         0         0         0         0         1         0         1         1
wv                  0         0         0         0         0         0         1         0         0         1         0
wi                  0         0         1         0         0         0         1         0         0         1         0
wy                  0         0         1         0         0         0         0         1         0         1         1
al                  0         1         0         0         0         0         1         0         0         1         0
bc                  0         0         1         0         0         0         0         1         0         1         0
mb                  0         0         1         0         0         0         0         1         0         1         0
nb                  0         0         1         0         0         0         0         0         0         1         0
lb                  0         0         1         0         0         0         0         0         0         0         0
nf                  0         0         1         0         0         0         0         0         0         1         0
nt                  0         0         1         0         0         0         0         0         0         0         0
ns                  0         0         1         0         0         0         0         0         0         1         0
nu                  0         0         0         0         0         0         0         0         0         0         0
on                  0         0         1         0         0         0         1         0         0         1         0
qc                  0         0         1         0         0         0         0         0         0         1         0




Time taken to build model (full training data) : 1.8 seconds

=== Model and evaluation on training set ===

Clustered Instances

 0       2295 (  7%)
 1        808 (  2%)
 2      23727 ( 68%)
 3        771 (  2%)
 4        473 (  1%)
 5       2020 (  6%)
 6        623 (  2%)
 7       1221 (  4%)
 8       1112 (  3%)
 9       1731 (  5%)

