=== Run information ===

Scheme:       weka.clusterers.SimpleKMeans -init 0 -max-candidates 100 -periodic-pruning 10000 -min-density 2.0 -t1 -1.25 -t2 -1.0 -N 15 -A "weka.core.EuclideanDistance -R first-last" -I 500 -num-slots 1 -S 10
Relation:     plantas
Instances:    34781
Attributes:   65
              ab
              ak
              ar
              az
              ca
              co
              ct
              de
              dc
              fl
              ga
              hi
              id
              il
              in
              ia
              ks
              ky
              la
              me
              md
              ma
              mi
              mn
              ms
              mo
              mt
              ne
              nv
              nh
              nj
              nm
              ny
              nc
              nd
              oh
              ok
              or
              pa
              pr
              ri
              sc
              sd
              tn
              tx
              ut
              vt
              va
              vi
              wa
              wv
              wi
              wy
              al
              bc
              mb
              nb
              lb
              nf
              nt
              ns
              nu
              on
              qc
Ignored:
              nombre
Test mode:    evaluate on training data


=== Clustering model (full training set) ===


kMeans
======

Number of iterations: 8
Within cluster sum of squared errors: 113348.0

Initial starting points (random):

Cluster 0: 0,0,0,0,0,0,0,0,0,1,0,1,0,0,0,0,0,0,1,0,0,0,0,0,0,0,0,0,0,0,0,0,0,0,0,0,0,0,0,1,0,0,0,0,0,0,0,0,0,0,0,0,0,0,0,0,0,0,0,0,0,0,0,0
Cluster 1: 1,0,0,1,1,0,0,0,0,0,0,0,1,1,0,0,1,0,0,0,0,0,1,0,0,0,0,0,0,0,0,1,0,1,0,0,0,0,0,0,0,0,0,0,1,0,0,0,0,0,0,0,0,0,1,0,0,0,0,0,0,0,0,0
Cluster 2: 0,0,0,0,0,0,0,0,0,0,0,0,0,0,0,0,0,0,0,0,0,0,0,0,0,0,0,0,0,0,0,0,0,0,0,0,0,0,0,0,0,0,0,0,0,0,0,0,0,0,0,0,0,0,0,0,0,0,0,0,0,0,0,0
Cluster 3: 0,0,0,0,0,0,0,0,0,1,0,1,0,0,0,0,0,0,0,0,0,0,0,0,0,0,0,0,0,0,0,0,0,0,0,0,0,0,0,1,0,0,0,0,0,0,0,0,0,0,0,0,0,0,0,0,0,0,0,0,0,0,0,0
Cluster 4: 0,0,0,0,0,0,0,0,0,0,0,1,0,0,0,0,0,0,0,0,0,0,0,0,0,0,0,0,0,0,0,0,0,0,0,0,0,0,0,0,0,0,0,0,0,0,0,0,0,0,0,0,0,0,0,0,0,0,0,0,0,0,0,0
Cluster 5: 0,0,0,0,1,0,1,0,0,0,0,0,0,0,0,0,0,0,0,1,0,1,1,0,0,1,1,0,0,1,0,0,1,1,0,0,0,1,1,0,0,1,0,0,1,1,0,1,0,0,1,0,0,1,0,0,0,0,0,0,0,0,0,0
Cluster 6: 0,0,0,1,1,1,0,0,0,0,0,0,0,1,1,0,0,0,0,0,0,0,0,0,1,0,1,1,1,0,0,1,0,0,0,0,1,1,0,0,0,0,0,0,1,1,0,0,0,0,0,0,0,0,0,0,0,0,0,0,0,0,0,0
Cluster 7: 0,0,0,1,0,1,0,0,0,0,0,0,0,0,0,0,1,0,0,0,0,0,0,0,0,0,0,1,0,0,0,1,0,0,0,0,0,0,0,0,0,0,0,0,1,1,0,0,0,0,0,0,0,0,0,0,0,0,0,0,0,0,0,0
Cluster 8: 0,1,1,0,1,1,1,1,1,0,1,1,1,1,1,1,1,1,0,1,1,1,1,1,0,1,1,1,0,1,1,0,1,1,1,1,1,1,1,0,0,1,1,1,0,1,1,1,0,1,1,1,1,0,1,1,0,0,0,0,1,0,1,1
Cluster 9: 0,1,0,0,1,0,0,0,0,0,0,0,1,0,0,0,0,0,0,0,0,1,0,0,0,0,1,0,0,0,0,0,0,0,0,0,0,1,0,0,0,0,0,0,0,0,0,0,0,1,0,0,0,0,0,0,0,0,0,0,0,0,0,0
Cluster 10: 0,0,1,0,0,0,1,1,1,1,1,0,0,1,1,0,1,1,1,0,1,1,1,0,1,1,0,0,0,1,1,0,1,1,0,1,1,0,1,0,1,1,0,1,1,0,0,1,0,0,1,0,0,1,0,0,0,0,0,0,0,0,0,0
Cluster 11: 0,0,1,0,0,0,1,0,0,0,1,0,0,1,1,0,0,1,0,0,1,1,1,0,0,1,0,0,0,0,1,0,1,1,0,1,0,0,1,0,1,0,0,1,0,0,1,1,0,0,1,0,0,1,0,0,1,0,0,0,0,0,1,0
Cluster 12: 0,0,0,0,0,0,0,0,0,0,0,0,0,0,0,0,0,0,1,0,0,0,0,0,0,0,0,0,0,0,0,0,0,0,0,0,0,0,0,0,0,0,0,0,0,0,0,0,0,0,0,0,0,0,0,0,0,0,0,0,0,0,0,0
Cluster 13: 0,0,0,0,0,0,1,0,0,0,0,0,0,1,1,0,0,0,0,0,0,1,1,0,0,0,0,0,0,0,0,0,1,1,0,1,0,0,1,0,0,0,0,0,0,0,1,0,0,1,0,1,0,0,0,0,0,0,0,0,1,0,1,0
Cluster 14: 0,0,0,0,0,0,0,0,0,1,0,0,0,0,0,0,0,0,1,0,0,0,0,0,0,0,0,0,0,0,0,0,0,0,0,0,0,0,0,1,0,0,0,0,0,0,0,0,0,0,0,0,0,0,0,0,0,0,0,0,0,0,0,0

Missing values globally replaced with mean/mode

Final cluster centroids:
                       Cluster#
Attribute   Full Data         0         1         2         3         4         5         6         7         8         9        10        11        12        13        14
            (34781.0)  (1276.0)   (513.0) (23341.0)   (715.0)   (464.0)   (396.0)   (572.0)  (1210.0)  (1302.0)  (1358.0)  (1273.0)   (891.0)   (608.0)   (613.0)   (249.0)
===========================================================================================================================================================================
ab                  0         0         1         0         0         0         0         1         0         1         0         0         0         0         0         0
ak                  0         0         1         0         0         0         0         0         0         1         0         0         0         0         0         0
ar                  0         1         0         0         0         0         0         0         0         1         0         1         1         0         0         0
az                  0         0         1         0         0         0         0         1         1         1         0         0         0         0         0         0
ca                  0         0         1         0         0         0         0         1         0         1         1         0         0         0         0         0
co                  0         0         1         0         0         0         0         1         1         1         1         0         0         0         0         0
ct                  0         0         0         0         0         0         1         0         0         1         0         1         1         0         1         0
de                  0         0         0         0         0         0         1         0         0         1         0         1         1         0         0         0
dc                  0         0         0         0         0         0         0         0         0         1         0         1         1         0         0         0
fl                  0         1         0         0         1         0         0         0         0         1         0         1         0         1         0         1
ga                  0         1         0         0         0         0         0         0         0         1         0         1         1         1         0         1
hi                  0         0         0         0         0         1         0         0         0         0         0         0         0         0         0         1
id                  0         0         1         0         0         0         0         1         0         1         1         0         0         0         0         0
il                  0         0         1         0         0         0         0         0         0         1         0         1         1         0         1         0
in                  0         0         0         0         0         0         0         0         0         1         0         1         1         0         0         0
ia                  0         0         1         0         0         0         0         0         0         1         0         1         1         0         0         0
ks                  0         0         0         0         0         0         0         0         0         1         0         1         0         0         0         0
ky                  0         0         0         0         0         0         0         0         0         1         0         1         1         0         0         0
la                  0         1         0         0         0         0         0         0         0         1         0         1         0         1         0         1
me                  0         0         0         0         0         0         1         0         0         1         0         0         1         0         1         0
md                  0         0         0         0         0         0         1         0         0         1         0         1         1         0         0         0
ma                  0         0         0         0         0         0         1         0         0         1         0         1         1         0         1         0
mi                  0         0         1         0         0         0         0         0         0         1         0         1         1         0         1         0
mn                  0         0         1         0         0         0         0         0         0         1         0         0         1         0         1         0
ms                  0         1         0         0         0         0         0         0         0         1         0         1         1         1         0         1
mo                  0         0         0         0         0         0         0         0         0         1         0         1         1         0         0         0
mt                  0         0         1         0         0         0         0         1         0         1         1         0         0         0         0         0
ne                  0         0         1         0         0         0         0         1         0         1         0         0         0         0         0         0
nv                  0         0         1         0         0         0         0         1         0         1         1         0         0         0         0         0
nh                  0         0         0         0         0         0         1         0         0         1         0         0         1         0         1         0
nj                  0         0         0         0         0         0         1         0         0         1         0         1         1         0         1         0
nm                  0         0         1         0         0         0         0         1         1         1         0         0         0         0         0         0
ny                  0         0         1         0         0         0         1         0         0         1         0         1         1         0         1         0
nc                  0         1         0         0         0         0         1         0         0         1         0         1         1         1         0         0
nd                  0         0         1         0         0         0         0         1         0         1         0         0         0         0         0         0
oh                  0         0         0         0         0         0         0         0         0         1         0         1         1         0         1         0
ok                  0         0         0         0         0         0         0         0         0         1         0         1         0         0         0         0
or                  0         0         1         0         0         0         0         1         0         1         1         0         0         0         0         0
pa                  0         0         0         0         0         0         1         0         0         1         0         1         1         0         1         0
pr                  0         0         0         0         1         0         0         0         0         0         0         0         0         0         0         1
ri                  0         0         0         0         0         0         1         0         0         1         0         0         1         0         1         0
sc                  0         1         0         0         0         0         0         0         0         1         0         1         1         0         0         1
sd                  0         0         1         0         0         0         0         1         0         1         0         0         0         0         0         0
tn                  0         1         0         0         0         0         0         0         0         1         0         1         1         0         0         0
tx                  0         1         0         0         0         0         0         0         1         1         0         1         0         0         0         1
ut                  0         0         1         0         0         0         0         1         0         1         1         0         0         0         0         0
vt                  0         0         0         0         0         0         0         0         0         1         0         0         1         0         1         0
va                  0         0         0         0         0         0         1         0         0         1         0         1         1         0         0         0
vi                  0         0         0         0         0         0         0         0         0         0         0         0         0         0         0         0
wa                  0         0         1         0         0         0         0         1         0         1         1         0         0         0         0         0
wv                  0         0         0         0         0         0         0         0         0         1         0         1         1         0         0         0
wi                  0         0         1         0         0         0         0         0         0         1         0         0         1         0         1         0
wy                  0         0         1         0         0         0         0         1         0         1         0         0         0         0         0         0
al                  0         1         0         0         0         0         0         0         0         1         0         1         1         1         0         1
bc                  0         0         1         0         0         0         0         0         0         1         0         0         0         0         1         0
mb                  0         0         1         0         0         0         0         0         0         1         0         0         0         0         1         0
nb                  0         0         0         0         0         0         0         0         0         1         0         0         1         0         1         0
lb                  0         0         0         0         0         0         0         0         0         0         0         0         0         0         0         0
nf                  0         0         0         0         0         0         0         0         0         1         0         0         0         0         1         0
nt                  0         0         1         0         0         0         0         0         0         0         0         0         0         0         0         0
ns                  0         0         0         0         0         0         0         0         0         1         0         0         1         0         1         0
nu                  0         0         0         0         0         0         0         0         0         0         0         0         0         0         0         0
on                  0         0         1         0         0         0         0         0         0         1         0         0         1         0         1         0
qc                  0         0         1         0         0         0         0         0         0         1         0         0         0         0         1         0




Time taken to build model (full training data) : 2.43 seconds

=== Model and evaluation on training set ===

Clustered Instances

 0       1276 (  4%)
 1        513 (  1%)
 2      23341 ( 67%)
 3        715 (  2%)
 4        464 (  1%)
 5        396 (  1%)
 6        572 (  2%)
 7       1210 (  3%)
 8       1302 (  4%)
 9       1358 (  4%)
10       1273 (  4%)
11        891 (  3%)
12        608 (  2%)
13        613 (  2%)
14        249 (  1%)

