=== Run information ===

Scheme:       weka.clusterers.SimpleKMeans -init 0 -max-candidates 100 -periodic-pruning 10000 -min-density 2.0 -t1 -1.25 -t2 -1.0 -N 20 -A "weka.core.EuclideanDistance -R first-last" -I 500 -num-slots 1 -S 10
Relation:     plantas
Instances:    34781
Attributes:   65
              ab
              ak
              ar
              az
              ca
              co
              ct
              de
              dc
              fl
              ga
              hi
              id
              il
              in
              ia
              ks
              ky
              la
              me
              md
              ma
              mi
              mn
              ms
              mo
              mt
              ne
              nv
              nh
              nj
              nm
              ny
              nc
              nd
              oh
              ok
              or
              pa
              pr
              ri
              sc
              sd
              tn
              tx
              ut
              vt
              va
              vi
              wa
              wv
              wi
              wy
              al
              bc
              mb
              nb
              lb
              nf
              nt
              ns
              nu
              on
              qc
Ignored:
              nombre
Test mode:    evaluate on training data


=== Clustering model (full training set) ===


kMeans
======

Number of iterations: 12
Within cluster sum of squared errors: 105870.0

Initial starting points (random):

Cluster 0: 0,0,0,0,0,0,0,0,0,1,0,1,0,0,0,0,0,0,1,0,0,0,0,0,0,0,0,0,0,0,0,0,0,0,0,0,0,0,0,1,0,0,0,0,0,0,0,0,0,0,0,0,0,0,0,0,0,0,0,0,0,0,0,0
Cluster 1: 1,0,0,1,1,0,0,0,0,0,0,0,1,1,0,0,1,0,0,0,0,0,1,0,0,0,0,0,0,0,0,1,0,1,0,0,0,0,0,0,0,0,0,0,1,0,0,0,0,0,0,0,0,0,1,0,0,0,0,0,0,0,0,0
Cluster 2: 0,0,0,0,0,0,0,0,0,0,0,0,0,0,0,0,0,0,0,0,0,0,0,0,0,0,0,0,0,0,0,0,0,0,0,0,0,0,0,0,0,0,0,0,0,0,0,0,0,0,0,0,0,0,0,0,0,0,0,0,0,0,0,0
Cluster 3: 0,0,0,0,0,0,0,0,0,1,0,1,0,0,0,0,0,0,0,0,0,0,0,0,0,0,0,0,0,0,0,0,0,0,0,0,0,0,0,1,0,0,0,0,0,0,0,0,0,0,0,0,0,0,0,0,0,0,0,0,0,0,0,0
Cluster 4: 0,0,0,0,0,0,0,0,0,0,0,1,0,0,0,0,0,0,0,0,0,0,0,0,0,0,0,0,0,0,0,0,0,0,0,0,0,0,0,0,0,0,0,0,0,0,0,0,0,0,0,0,0,0,0,0,0,0,0,0,0,0,0,0
Cluster 5: 0,0,0,0,1,0,1,0,0,0,0,0,0,0,0,0,0,0,0,1,0,1,1,0,0,1,1,0,0,1,0,0,1,1,0,0,0,1,1,0,0,1,0,0,1,1,0,1,0,0,1,0,0,1,0,0,0,0,0,0,0,0,0,0
Cluster 6: 0,0,0,1,1,1,0,0,0,0,0,0,0,1,1,0,0,0,0,0,0,0,0,0,1,0,1,1,1,0,0,1,0,0,0,0,1,1,0,0,0,0,0,0,1,1,0,0,0,0,0,0,0,0,0,0,0,0,0,0,0,0,0,0
Cluster 7: 0,0,0,1,0,1,0,0,0,0,0,0,0,0,0,0,1,0,0,0,0,0,0,0,0,0,0,1,0,0,0,1,0,0,0,0,0,0,0,0,0,0,0,0,1,1,0,0,0,0,0,0,0,0,0,0,0,0,0,0,0,0,0,0
Cluster 8: 0,1,1,0,1,1,1,1,1,0,1,1,1,1,1,1,1,1,0,1,1,1,1,1,0,1,1,1,0,1,1,0,1,1,1,1,1,1,1,0,0,1,1,1,0,1,1,1,0,1,1,1,1,0,1,1,0,0,0,0,1,0,1,1
Cluster 9: 0,1,0,0,1,0,0,0,0,0,0,0,1,0,0,0,0,0,0,0,0,1,0,0,0,0,1,0,0,0,0,0,0,0,0,0,0,1,0,0,0,0,0,0,0,0,0,0,0,1,0,0,0,0,0,0,0,0,0,0,0,0,0,0
Cluster 10: 0,0,1,0,0,0,1,1,1,1,1,0,0,1,1,0,1,1,1,0,1,1,1,0,1,1,0,0,0,1,1,0,1,1,0,1,1,0,1,0,1,1,0,1,1,0,0,1,0,0,1,0,0,1,0,0,0,0,0,0,0,0,0,0
Cluster 11: 0,0,1,0,0,0,1,0,0,0,1,0,0,1,1,0,0,1,0,0,1,1,1,0,0,1,0,0,0,0,1,0,1,1,0,1,0,0,1,0,1,0,0,1,0,0,1,1,0,0,1,0,0,1,0,0,1,0,0,0,0,0,1,0
Cluster 12: 0,0,0,0,0,0,0,0,0,0,0,0,0,0,0,0,0,0,1,0,0,0,0,0,0,0,0,0,0,0,0,0,0,0,0,0,0,0,0,0,0,0,0,0,0,0,0,0,0,0,0,0,0,0,0,0,0,0,0,0,0,0,0,0
Cluster 13: 0,0,0,0,0,0,1,0,0,0,0,0,0,1,1,0,0,0,0,0,0,1,1,0,0,0,0,0,0,0,0,0,1,1,0,1,0,0,1,0,0,0,0,0,0,0,1,0,0,1,0,1,0,0,0,0,0,0,0,0,1,0,1,0
Cluster 14: 0,0,0,0,0,0,0,0,0,1,0,0,0,0,0,0,0,0,1,0,0,0,0,0,0,0,0,0,0,0,0,0,0,0,0,0,0,0,0,1,0,0,0,0,0,0,0,0,0,0,0,0,0,0,0,0,0,0,0,0,0,0,0,0
Cluster 15: 1,1,0,0,0,1,0,0,0,0,0,0,0,0,0,1,0,0,0,0,0,0,1,1,0,1,1,0,0,0,0,0,1,0,1,0,0,0,0,0,0,0,1,0,0,0,0,0,0,1,0,1,0,0,1,1,0,0,0,1,0,0,1,1
Cluster 16: 1,1,1,1,1,1,1,1,1,0,1,1,1,1,1,1,0,1,0,1,1,1,1,1,1,1,1,0,0,1,1,1,1,1,0,1,0,1,1,1,1,1,1,1,0,1,1,1,0,1,1,1,1,1,1,1,1,1,1,1,1,1,1,1
Cluster 17: 0,0,1,1,1,1,1,0,0,1,1,0,0,1,1,1,1,1,1,1,1,1,1,1,1,1,0,0,0,0,1,1,1,1,0,1,1,1,1,1,1,1,0,1,1,1,1,1,1,1,1,1,0,1,0,1,1,0,0,0,0,0,1,0
Cluster 18: 0,0,0,0,0,0,0,0,0,1,1,0,0,0,0,0,0,0,0,0,0,0,0,0,0,0,0,0,0,0,0,0,0,1,0,0,0,0,0,0,0,1,0,0,0,0,0,0,0,0,0,0,0,0,0,0,0,0,0,0,0,0,0,0
Cluster 19: 0,0,0,0,0,0,1,1,0,0,0,0,0,1,1,0,0,0,0,1,1,1,1,1,0,0,0,0,0,1,1,0,1,1,0,1,0,0,1,0,1,0,0,0,0,0,1,1,0,0,1,1,0,0,0,1,0,0,0,0,0,0,1,0

Missing values globally replaced with mean/mode

Final cluster centroids:
                       Cluster#
Attribute   Full Data         0         1         2         3         4         5         6         7         8         9        10        11        12        13        14        15        16        17        18        19
            (34781.0)   (345.0)  (1123.0) (22340.0)   (663.0)   (447.0)   (495.0)   (359.0)  (1200.0)   (692.0)  (1137.0)  (1152.0)   (631.0)   (689.0)   (392.0)   (118.0)   (444.0)   (401.0)   (229.0)  (1478.0)   (446.0)
=============================================================================================================================================================================================================================
ab                  0         0         1         0         0         0         0         1         0         1         0         0         0         0         0         0         1         1         0         0         0
ak                  0         0         0         0         0         0         0         0         0         0         0         0         0         0         0         0         1         1         0         0         0
ar                  0         0         0         0         0         0         0         0         0         1         0         1         1         0         0         0         0         1         1         0         0
az                  0         0         1         0         0         0         0         1         1         1         0         0         0         0         0         0         0         1         1         0         0
ca                  0         0         1         0         0         0         0         1         0         1         1         0         0         0         0         0         1         1         0         0         0
co                  0         0         1         0         0         0         0         1         1         1         0         0         0         0         0         0         1         1         1         0         0
ct                  0         0         0         0         0         0         1         0         0         1         0         1         1         0         1         0         1         1         1         0         1
de                  0         0         0         0         0         0         0         0         0         1         0         1         1         0         0         0         0         1         1         0         1
dc                  0         0         0         0         0         0         0         0         0         1         0         1         1         0         0         0         0         1         1         0         0
fl                  0         1         0         0         1         0         0         0         0         1         0         1         1         0         0         1         0         1         1         1         0
ga                  0         1         0         0         0         0         0         0         0         1         0         1         1         0         0         0         0         1         1         1         0
hi                  0         1         0         0         0         1         0         0         0         0         0         0         0         0         0         0         0         0         0         0         0
id                  0         0         1         0         0         0         0         1         0         1         1         0         0         0         0         0         1         1         0         0         0
il                  0         0         0         0         0         0         0         1         0         1         0         1         1         0         0         0         1         1         1         0         1
in                  0         0         0         0         0         0         0         0         0         1         0         1         1         0         0         0         1         1         1         0         1
ia                  0         0         0         0         0         0         0         1         0         1         0         0         1         0         0         0         1         1         1         0         1
ks                  0         0         0         0         0         0         0         1         0         1         0         1         1         0         0         0         0         1         1         0         0
ky                  0         0         0         0         0         0         0         0         0         1         0         1         1         0         0         0         0         1         1         0         1
la                  0         1         0         0         0         0         0         0         0         1         0         1         1         1         0         1         0         1         1         1         0
me                  0         0         0         0         0         0         1         0         0         1         0         0         1         0         1         0         1         1         1         0         1
md                  0         0         0         0         0         0         1         0         0         1         0         1         1         0         0         0         1         1         1         0         1
ma                  0         0         0         0         0         0         1         0         0         1         0         1         1         0         1         0         1         1         1         0         1
mi                  0         0         0         0         0         0         0         0         0         1         0         1         1         0         1         0         1         1         1         0         1
mn                  0         0         0         0         0         0         0         1         0         1         0         0         1         0         1         0         1         1         1         0         1
ms                  0         1         0         0         0         0         0         0         0         1         0         1         1         0         0         0         0         1         1         1         0
mo                  0         0         0         0         0         0         0         1         0         1         0         1         1         0         0         0         0         1         1         0         0
mt                  0         0         1         0         0         0         0         1         0         1         1         0         0         0         0         0         1         1         0         0         0
ne                  0         0         0         0         0         0         0         1         0         1         0         0         0         0         0         0         0         1         1         0         0
nv                  0         0         1         0         0         0         0         1         0         1         1         0         0         0         0         0         1         1         0         0         0
nh                  0         0         0         0         0         0         1         0         0         1         0         0         1         0         1         0         1         1         1         0         1
nj                  0         0         0         0         0         0         1         0         0         1         0         1         1         0         0         0         1         1         1         0         1
nm                  0         0         1         0         0         0         0         1         1         1         0         0         0         0         0         0         1         1         1         0         0
ny                  0         0         0         0         0         0         1         0         0         1         0         1         1         0         1         0         1         1         1         0         1
nc                  0         1         0         0         0         0         1         0         0         1         0         1         1         0         0         0         0         1         1         1         1
nd                  0         0         0         0         0         0         0         1         0         1         0         0         0         0         0         0         1         1         1         0         0
oh                  0         0         0         0         0         0         0         0         0         1         0         1         1         0         0         0         1         1         1         0         1
ok                  0         0         0         0         0         0         0         1         0         1         0         1         1         0         0         0         0         1         1         0         0
or                  0         0         1         0         0         0         0         1         0         1         1         0         0         0         0         0         1         1         0         0         0
pa                  0         0         0         0         0         0         1         0         0         1         0         1         1         0         1         0         1         1         1         0         1
pr                  0         1         0         0         1         0         0         0         0         0         0         0         0         0         0         1         0         0         0         0         0
ri                  0         0         0         0         0         0         1         0         0         1         0         0         1         0         0         0         1         1         1         0         1
sc                  0         1         0         0         0         0         0         0         0         1         0         1         1         0         0         0         0         1         1         1         0
sd                  0         0         0         0         0         0         0         1         0         1         0         0         0         0         0         0         1         1         1         0         0
tn                  0         0         0         0         0         0         0         0         0         1         0         1         1         0         0         0         0         1         1         0         1
tx                  0         1         0         0         0         0         0         1         1         1         0         1         1         0         0         1         0         1         1         0         0
ut                  0         0         1         0         0         0         0         1         0         1         0         0         0         0         0         0         1         1         0         0         0
vt                  0         0         0         0         0         0         0         0         0         1         0         0         1         0         1         0         1         1         1         0         1
va                  0         0         0         0         0         0         1         0         0         1         0         1         1         0         0         0         0         1         1         0         1
vi                  0         0         0         0         0         0         0         0         0         0         0         0         0         0         0         0         0         0         0         0         0
wa                  0         0         1         0         0         0         0         1         0         1         1         0         0         0         0         0         1         1         0         0         0
wv                  0         0         0         0         0         0         0         0         0         1         0         1         1         0         0         0         0         1         1         0         1
wi                  0         0         0         0         0         0         0         1         0         1         0         0         1         0         1         0         1         1         1         0         1
wy                  0         0         1         0         0         0         0         1         0         1         0         0         0         0         0         0         1         1         0         0         0
al                  0         1         0         0         0         0         0         0         0         1         0         1         1         0         0         0         0         1         1         1         0
bc                  0         0         1         0         0         0         0         1         0         1         0         0         0         0         0         0         1         1         0         0         0
mb                  0         0         0         0         0         0         0         1         0         1         0         0         0         0         0         0         1         1         0         0         1
nb                  0         0         0         0         0         0         0         0         0         1         0         0         1         0         1         0         1         1         0         0         1
lb                  0         0         0         0         0         0         0         0         0         0         0         0         0         0         0         0         1         1         0         0         0
nf                  0         0         0         0         0         0         0         0         0         0         0         0         0         0         1         0         1         1         0         0         1
nt                  0         0         0         0         0         0         0         0         0         0         0         0         0         0         0         0         1         1         0         0         0
ns                  0         0         0         0         0         0         0         0         0         1         0         0         1         0         1         0         1         1         0         0         1
nu                  0         0         0         0         0         0         0         0         0         0         0         0         0         0         0         0         0         0         0         0         0
on                  0         0         0         0         0         0         0         0         0         1         0         0         1         0         1         0         1         1         1         0         1
qc                  0         0         0         0         0         0         0         0         0         1         0         0         0         0         1         0         1         1         0         0         1




Time taken to build model (full training data) : 3.84 seconds

=== Model and evaluation on training set ===

Clustered Instances

 0        345 (  1%)
 1       1123 (  3%)
 2      22340 ( 64%)
 3        663 (  2%)
 4        447 (  1%)
 5        495 (  1%)
 6        359 (  1%)
 7       1200 (  3%)
 8        692 (  2%)
 9       1137 (  3%)
10       1152 (  3%)
11        631 (  2%)
12        689 (  2%)
13        392 (  1%)
14        118 (  0%)
15        444 (  1%)
16        401 (  1%)
17        229 (  1%)
18       1478 (  4%)
19        446 (  1%)

